bf59a294a5344571ba94a47b9189f323,0.1,0.1,0.1
6fbc227ca39e4aebb6cea772edb5fc17,0.1,0.1,0.1
02e64d8fa9434a00a1ed27527dc774e1,0.1,0.1,0.1
c996defe0c6a45d7bf35d507f0d8efe5,0.1,0.1,0.1
766f195ccbb54fd09cb1d84563cafb70,0.1,0.1,0.1
dc9f8d77041e42deaec3acc2b145de38,0.1,0.1,0.1
ed9378c844f84871928bd1acd2fc5d71,0.1,0.1,0.1
9b3f66fd75124a38b6905121da3e3913,0.1,0.1,0.1
94d4fefd1e1345108a88379bc956d840,0.1,0.1,0.1
3ce3e4a4f0ab4cec99d49d8babfa7935,0.1,0.1,0.1
7836447173c24a7cb5c15b8a2c2f8af5,0.1,0.1,0.1
e7c8faa2c043452cbbf7420631a51c4e,0.1,0.1,0.1
5ee30a977da34d2fb50348633c1de244,0.1,0.1,0.1
d464381ac6c64cc3a2f5d5b65137c25b,0.1,0.1,0.1
282ae5270bfc45b784d81fdc9c582ca6,0.1,0.1,0.1
52eb8ab316414bcc9be4b102d6b00958,0.1,0.1,0.1
